year,1,2,3,4
1994,0.0,0.0,1.0,0.0
1995,0.0,0.3333333333333333,0.6666666666666666,0.0
1996,0.06451612903225806,0.41935483870967744,0.5161290322580645,0.0
1997,0.0,0.5714285714285714,0.42857142857142855,0.0
1998,0.09302325581395349,0.4418604651162791,0.46511627906976744,0.0
1999,0.08771929824561403,0.45614035087719296,0.45614035087719296,0.0
2000,0.09090909090909091,0.4805194805194805,0.42857142857142855,0.0
2001,0.08333333333333333,0.5208333333333334,0.3958333333333333,0.0
2002,0.08571428571428572,0.41904761904761906,0.49523809523809526,0.0
2003,0.08411214953271028,0.4766355140186916,0.4392523364485981,0.0
2004,0.14084507042253522,0.5774647887323944,0.2746478873239437,0.007042253521126761
2005,0.10582010582010581,0.7883597883597884,0.09523809523809523,0.010582010582010581
2006,0.22099447513812154,0.6795580110497238,0.09392265193370165,0.0055248618784530384
2007,0.18162393162393162,0.7393162393162394,0.07478632478632478,0.004273504273504274
2008,0.17532467532467533,0.7056277056277056,0.11471861471861472,0.004329004329004329
2009,0.06417112299465241,0.7902097902097902,0.1406828465651995,0.0049362402303578775
2010,0.22088006902502158,0.6798964624676446,0.07937877480586712,0.01984469370146678
2011,0.19571045576407506,0.6722520107238605,0.12131367292225201,0.010723860589812333
2012,0.18885448916408668,0.6501547987616099,0.14551083591331268,0.015479876160990712
2013,0.16774837743384924,0.6525212181727409,0.16575137294058911,0.013979031452820768
2014,0.14197019867549668,0.6456953642384106,0.20447019867549668,0.007864238410596027
2015,0.12353179424868367,0.6877278250303767,0.1765897124341839,0.012150668286755772
2016,0.13226985709538053,0.6952475905616484,0.15719508142239946,0.015287470920571618
2017,0.10981047937569677,0.6962095875139354,0.1714046822742475,0.0225752508361204
2018,0.12990257307019734,0.7002248313764676,0.1531351486385211,0.01673744691481389
2019,0.13096351730589337,0.6452291861552854,0.18662301216089802,0.037184284377923295
2020,0.11719153329891585,0.729478575116159,0.137842023748064,0.015487867836861126
